[gd_scene load_steps=6 format=2]

[ext_resource path="res://Prefabs/Dev/1x1Cube.tscn" type="PackedScene" id=2]
[ext_resource path="res://Prefabs/Terrain/Terrain.tscn" type="PackedScene" id=4]
[ext_resource path="res://Prefabs/Terrain/Rocks/DesertRockTerrace.tscn" type="PackedScene" id=5]
[ext_resource path="res://Prefabs/Buildings/Lobby/LobbyGeometryScene.tscn" type="PackedScene" id=6]

[sub_resource type="Environment" id=1]
background_mode = 3
background_sky_custom_fov = 74.0
background_color = Color( 0.12549, 0.560784, 0.74902, 1 )
background_energy = 2.07
ambient_light_color = Color( 1, 1, 1, 1 )
ambient_light_energy = 0.1

[node name="Root" type="WorldEnvironment"]
environment = SubResource( 1 )

[node name="DirectionalLight" type="DirectionalLight" parent="."]
transform = Transform( 0.224582, 0.559514, -0.797814, -0.151609, 0.828821, 0.538582, 0.962589, -1.54803e-08, 0.270966, -0.537915, 7.72859, 1.64894 )
light_energy = 2.8
shadow_enabled = true
shadow_color = Color( 0.0666667, 0.0705882, 0.0862745, 1 )
shadow_bias = 0.0

[node name="StaticBody" parent="." instance=ExtResource( 2 )]
transform = Transform( 1, 0, 0, 0, 1, 0, 0, 0, 1, -0.537915, 0.994737, -8.29133 )

[node name="StaticBody3" parent="." instance=ExtResource( 2 )]
transform = Transform( 1, 0, 0, 0, 1, 0, 0, 0, 1, 7.15712, 0.994737, -8.83242 )

[node name="StaticBody4" parent="." instance=ExtResource( 2 )]
transform = Transform( 1, 0, 0, 0, 1, 0, 0, 0, 1, 9.06526, 0.994737, -3.38148 )

[node name="StaticBody5" parent="." instance=ExtResource( 2 )]
transform = Transform( 1, 0, 0, 0, 1, 0, 0, 0, 1, 9.06526, 1.02198, -6.10886 )

[node name="StaticBody6" parent="." instance=ExtResource( 2 )]
transform = Transform( 1, 0, 0, 0, 1, 0, 0, 0, 1, 9.06526, 3.01812, -4.68413 )

[node name="StaticBody7" parent="." instance=ExtResource( 2 )]
transform = Transform( 1, 0, 0, 0, 1, 0, 0, 0, 1, 3.1216, 1.01059, -7.83512 )

[node name="Spatial" parent="." instance=ExtResource( 4 )]
transform = Transform( 400, 0, 0, 0, 1, 0, 0, 0, 400, 0, -1, 0 )

[node name="DesertRockTerrace" parent="." instance=ExtResource( 5 )]
transform = Transform( 1, 0, 0, 0, 1, 0, 0, 0, 1, -19.4974, 5.09871, -5.20384 )

[node name="DesertRockTerrace13" parent="." instance=ExtResource( 5 )]
transform = Transform( 1, 0, 0, 0, 1, 0, 0, 0, 1, -56.7782, 5.09871, 34.1007 )

[node name="DesertRockTerrace14" parent="." instance=ExtResource( 5 )]
transform = Transform( -0.98585, 0, -0.167629, 0, 1, 0, 0.167629, 0, -0.98585, -37.0634, 5.09871, 54.8959 )

[node name="DesertRockTerrace15" parent="." instance=ExtResource( 5 )]
transform = Transform( -0.0681751, 0, 0.48812, -0.116474, 0.478621, -0.0162678, -0.47402, -0.117605, -0.0662057, -24.5871, 3.41407, 47.889 )

[node name="DesertRockTerrace5" parent="." instance=ExtResource( 5 )]
transform = Transform( 0.442509, 0, -1.7564, 0, 1, 0, 0.896764, 0, 0.866695, 15.5662, 5.09871, 21.5133 )

[node name="DesertRockTerrace6" parent="." instance=ExtResource( 5 )]
transform = Transform( -0.530132, 0, -0.902934, 0, 1, 0, 0.740391, 0, -0.510791, 28.3074, 6.52587, 4.51257 )

[node name="DesertRockTerrace7" parent="." instance=ExtResource( 5 )]
transform = Transform( 0.341044, 0.00411122, -0.253834, 0.0145587, 0.191829, 0.0178334, 0.390244, -0.0107494, 0.221166, -1.1298, 8.05738, 15.3934 )

[node name="DesertRockTerrace8" parent="." instance=ExtResource( 5 )]
transform = Transform( -0.430475, 0, -0.405492, 0, 0.192174, 0, 0.11378, 0, -0.583954, -9.09432, 7.78604, 5.39133 )

[node name="DesertRockTerrace9" parent="." instance=ExtResource( 5 )]
transform = Transform( 0.227245, 0, 0.343964, 0, 0.585513, 0, -0.265965, 0, 0.293889, -7.34853, 5.79082, 10.0648 )

[node name="DesertRockTerrace2" parent="." instance=ExtResource( 5 )]
transform = Transform( 1, 0, 0, 0, 1, 0, 0, 0, 1, -16.1343, 1.33789, -14.4823 )

[node name="DesertRockTerrace12" parent="." instance=ExtResource( 5 )]
transform = Transform( 0.360023, 0.0736429, 0.114355, -0.185649, 0.182453, 0, -0.189676, -0.0387984, 0.217057, -20.3776, 7.31197, -13.064 )

[node name="DesertRockTerrace3" parent="." instance=ExtResource( 5 )]
transform = Transform( 0.994601, 0.103367, 0.00914191, -0.10377, 0.990734, 0.0876218, 0, -0.0880974, 0.996112, -3.43633, -0.636879, -20.7379 )

[node name="DesertRockTerrace10" parent="." instance=ExtResource( 5 )]
transform = Transform( 0.128483, -0.0740063, 0.988947, -0.10377, 0.990734, 0.0876218, -0.986268, -0.113881, 0.119612, 24.8284, -0.636875, -10.3627 )

[node name="DesertRockTerrace4" parent="." instance=ExtResource( 5 )]
transform = Transform( 0.682053, 0.111339, -0.0185751, -0.113451, 0.517349, -0.0210906, 0.0137459, 0.031219, 0.691855, 7.53803, -0.643054, -27.1092 )

[node name="DesertRockTerrace11" parent="." instance=ExtResource( 5 )]
transform = Transform( -0.360911, -0.0624255, -0.553427, -0.0867574, 0.522149, 0.00888382, 0.340021, 0.0669672, -0.585161, 17.9569, -0.159408, -25.043 )

[node name="Lobby" parent="." instance=ExtResource( 6 )]
transform = Transform( -0.767758, 0, -0.64074, 0, 1, 0, 0.64074, 0, -0.767758, -30.1406, -0.172315, 28.9691 )
